[time estimation]
t_est_60 = 264.571069181
t_est_20 = 753.011476703
t_est_10 = 1196.29087113

